0.983975
0.810354
0.690901
0.618125
0.594298
0.589818
0.590841
0.627824
0.659539
0.629018
0.61049
0.538978
0.511413
0.584813
0.616815
0.598471
0.487231
0.592541
0.649188
0.623238
0.602693
0.506289
0.534225
0.508411
0.46223
0.63603
0.635785
0.617988
0.606571
0.6174
0.585868
0.52981
0.61388
0.652779
0.614588
0.59549
0.624157
0.587124
0.551356
0.57012
0.624591
0.63993
0.65223
0.641147
0.714753
0.794808
0.82461
0.827235
0.818559
0.81242
0.82545
0.824347
0.820316
0.802302
0.824648
0.844103
0.862246
0.843501
0.844087
0.849909
0.867666
0.851973
0.839707
0.833717
0.819903
0.809411
0.818723
0.807726
0.798238
0.81561
0.787964
0.774407
0.791333
0.827388
0.853908
0.866778
0.864691
0.876546
0.857989
0.849936
0.846345
0.867149
0.873211
0.869251
0.878535
0.873964
0.866834
0.842428
0.840669
0.832774
0.839018
0.851933
0.841816
0.869528
0.907397
0.899301
0.912556
0.908453
0.870678
0.847163
0.834341
0.818683
0.808069
0.765811
0.74213
0.760105
0.771769
0.757569
0.754108
0.792642
0.789076
0.780418
0.804728
0.769928
0.796541
0.790428
0.775505
0.756476
0.75952
0.736146
0.730631
0.754922
0.777105
0.775289
0.770938
0.730175
0.765564
0.73604
0.69807
0.611211
0.573034
0.501666
0.514095